-0.000907 -0.212555 0.027937 
0.071272 -0.302842 0.019917 
-0.070858 -0.302224 0.022864 
-0.003498 -0.107497 0.005621 
0.185501 -0.649215 0.013880 
-0.188835 -0.654179 0.014395 
0.001264 0.020349 0.004048 
0.263564 -1.023715 -0.029924 
-0.262077 -1.030133 -0.027572 
0.002705 0.069809 0.031817 
0.300550 -1.069324 0.084266 
-0.295796 -1.070583 0.090027 
-0.000948 0.281272 -0.018040 
0.077547 0.189215 -0.005375 
-0.075347 0.186561 -0.009711 
0.003982 0.339388 0.032244 
0.167280 0.212337 -0.012862 
-0.167928 0.212494 -0.020096 
0.367143 0.068137 -0.037540 
-0.362228 0.069079 -0.037985 
0.562498 -0.065243 -0.039997 
-0.565567 -0.066659 -0.044042 
0.623615 -0.116494 -0.052960 
-0.628485 -0.116627 -0.054041 
